{
  "name": "Mint chocolate",
  "id": "4ba1e3b5-0f96-4a69-ba09-d68feac0350e",
  "patternId": "Square Stitch",
  "width": 9,
  "height": 37,
  "colors": [
    "4294967295",
    "4285352490",
    "4293362707",
    "4280391411",
    "4283215696"
  ],
  "matrix": [
    [
      "4285352490",
      "4294967295",
      "4293362707",
      "4293362707",
      "4285352490",
      "4293362707",
      "4293362707",
      "4294967295",
      "4285352490"
    ],
    [
      "4285352490",
      "4285352490",
      "4294967295",
      "4293362707",
      "4293362707",
      "4293362707",
      "4294967295",
      "4285352490",
      "4285352490"
    ],
    [
      "4285352490",
      "4285352490",
      "4285352490",
      "4294967295",
      "4293362707",
      "4294967295",
      "4285352490",
      "4285352490",
      "4285352490"
    ],
    [
      "4293362707",
      "4285352490",
      "4285352490",
      "4285352490",
      "4294967295",
      "4285352490",
      "4285352490",
      "4285352490",
      "4293362707"
    ],
    [
      "4294967295",
      "4293362707",
      "4293362707",
      "4285352490",
      "4285352490",
      "4285352490",
      "4293362707",
      "4293362707",
      "4294967295"
    ],
    [
      "4283215696",
      "4294967295",
      "4293362707",
      "4293362707",
      "4285352490",
      "4293362707",
      "4293362707",
      "4294967295",
      "4283215696"
    ],
    [
      "4283215696",
      "4283215696",
      "4294967295",
      "4293362707",
      "4293362707",
      "4293362707",
      "4294967295",
      "4283215696",
      "4283215696"
    ],
    [
      "4285352490",
      "4285352490",
      "4285352490",
      "4285352490",
      "4285352490",
      "4285352490",
      "4285352490",
      "4285352490",
      "4285352490"
    ],
    [
      "4285352490",
      "4285352490",
      "4285352490",
      "4285352490",
      "4293362707",
      "4285352490",
      "4285352490",
      "4285352490",
      "4285352490"
    ],
    [
      "4285352490",
      "4285352490",
      "4285352490",
      "4293362707",
      "4285352490",
      "4293362707",
      "4285352490",
      "4285352490",
      "4285352490"
    ],
    [
      "4285352490",
      "4285352490",
      "4293362707",
      "4285352490",
      "4283215696",
      "4285352490",
      "4293362707",
      "4285352490",
      "4285352490"
    ],
    [
      "4285352490",
      "4293362707",
      "4285352490",
      "4283215696",
      "4283215696",
      "4283215696",
      "4285352490",
      "4293362707",
      "4285352490"
    ],
    [
      "4293362707",
      "4285352490",
      "4283215696",
      "4283215696",
      "4294967295",
      "4283215696",
      "4283215696",
      "4285352490",
      "4293362707"
    ],
    [
      "4285352490",
      "4293362707",
      "4285352490",
      "4283215696",
      "4283215696",
      "4283215696",
      "4285352490",
      "4293362707",
      "4285352490"
    ],
    [
      "4285352490",
      "4285352490",
      "4293362707",
      "4285352490",
      "4283215696",
      "4285352490",
      "4293362707",
      "4285352490",
      "4285352490"
    ],
    [
      "4285352490",
      "4285352490",
      "4285352490",
      "4293362707",
      "4285352490",
      "4293362707",
      "4285352490",
      "4285352490",
      "4285352490"
    ],
    [
      "4285352490",
      "4285352490",
      "4285352490",
      "4285352490",
      "4293362707",
      "4285352490",
      "4285352490",
      "4285352490",
      "4285352490"
    ],
    [
      "4285352490",
      "4285352490",
      "4285352490",
      "4285352490",
      "4285352490",
      "4285352490",
      "4285352490",
      "4285352490",
      "4285352490"
    ],
    [
      "4283215696",
      "4283215696",
      "4294967295",
      "4293362707",
      "4293362707",
      "4293362707",
      "4294967295",
      "4283215696",
      "4283215696"
    ],
    [
      "4283215696",
      "4294967295",
      "4293362707",
      "4293362707",
      "4285352490",
      "4293362707",
      "4293362707",
      "4294967295",
      "4283215696"
    ],
    [
      "4294967295",
      "4293362707",
      "4293362707",
      "4285352490",
      "4285352490",
      "4285352490",
      "4293362707",
      "4293362707",
      "4294967295"
    ],
    [
      "4293362707",
      "4285352490",
      "4285352490",
      "4285352490",
      "4294967295",
      "4285352490",
      "4285352490",
      "4285352490",
      "4293362707"
    ],
    [
      "4285352490",
      "4285352490",
      "4285352490",
      "4294967295",
      "4293362707",
      "4294967295",
      "4285352490",
      "4285352490",
      "4285352490"
    ],
    [
      "4285352490",
      "4285352490",
      "4294967295",
      "4293362707",
      "4293362707",
      "4293362707",
      "4294967295",
      "4285352490",
      "4285352490"
    ],
    [
      "4285352490",
      "4294967295",
      "4293362707",
      "4293362707",
      "4285352490",
      "4293362707",
      "4293362707",
      "4294967295",
      "4285352490"
    ],
    [
      "4285352490",
      "4285352490",
      "4294967295",
      "4293362707",
      "4293362707",
      "4293362707",
      "4294967295",
      "4285352490",
      "4285352490"
    ],
    [
      "4285352490",
      "4285352490",
      "4285352490",
      "4294967295",
      "4293362707",
      "4294967295",
      "4285352490",
      "4285352490",
      "4285352490"
    ],
    [
      "4293362707",
      "4285352490",
      "4285352490",
      "4285352490",
      "4294967295",
      "4285352490",
      "4285352490",
      "4285352490",
      "4293362707"
    ],
    [
      "4294967295",
      "4293362707",
      "4293362707",
      "4285352490",
      "4285352490",
      "4285352490",
      "4293362707",
      "4293362707",
      "4294967295"
    ],
    [
      "4283215696",
      "4294967295",
      "4293362707",
      "4293362707",
      "4285352490",
      "4293362707",
      "4293362707",
      "4294967295",
      "4283215696"
    ],
    [
      "4283215696",
      "4283215696",
      "4294967295",
      "4293362707",
      "4293362707",
      "4293362707",
      "4294967295",
      "4283215696",
      "4283215696"
    ],
    [
      "4285352490",
      "4285352490",
      "4285352490",
      "4285352490",
      "4285352490",
      "4285352490",
      "4285352490",
      "4285352490",
      "4285352490"
    ],
    [
      "4285352490",
      "4285352490",
      "4285352490",
      "4285352490",
      "4293362707",
      "4285352490",
      "4285352490",
      "4285352490",
      "4285352490"
    ],
    [
      "4285352490",
      "4285352490",
      "4285352490",
      "4293362707",
      "4285352490",
      "4293362707",
      "4285352490",
      "4285352490",
      "4285352490"
    ],
    [
      "4285352490",
      "4285352490",
      "4293362707",
      "4285352490",
      "4283215696",
      "4285352490",
      "4293362707",
      "4285352490",
      "4285352490"
    ],
    [
      "4285352490",
      "4293362707",
      "4285352490",
      "4283215696",
      "4283215696",
      "4283215696",
      "4285352490",
      "4293362707",
      "4285352490"
    ],
    [
      "4293362707",
      "4285352490",
      "4283215696",
      "4283215696",
      "4294967295",
      "4283215696",
      "4283215696",
      "4285352490",
      "4293362707"
    ]
  ]
}